5-stage model
1.Guinea
    x = 0.00130743
    p = 0.120085
    q = 0.00606897
    a = 0.00409383

1.Guinea-2
    x = 0.0611324
    p = 0.11949
    q = 0.582564
    a = 0.00409383
    n = 10057975
    K = 0.001
    healed = 40
    corr = 


2.Liberia
    x = 0.00669021
    p = 0.00602125
    q = 0.00937902
    a = 0.00349354
    n = 3441790
    K = 0.0015
    healed = 85 # 取了1000
    corr = 

3.SLE
    x = 0.00378024
    p = 0.0223951
    q = 0.0547557
    a = 0.00360921
    n = 6440053
    K = 0.001
    healed = 100
    corr(U) = 0.998315
    corr(S) = 0.969224